p_tip =

    0.0096
    0.0068
    0.0164

p_post =

   -0.1390
   -0.1286
    0.6493

p_tip_2 =

    0.0094
    0.0147
    0.0157

p_post_2 =

   -0.1350
   -0.1169
    0.6499
    
p_tip_final = 

    0.0095
    0.0107
    0.0161

p_post_final =

   -0.1370
   -0.1228
    0.6496

x_axis =

   -0.5029
    0.8561
   -0.1190
   

y_axis =

    0.5536
   -0.5571
   -0.6190
   
z_axis = 
	
   -0.5962
   -0.3772
   -0.1938